artifact,role,size_bytes,sha256
ex6f1b_manifest.csv,SOURCE_OR_PARENT,1067,B76963D07251D6EC666E1AC7952014FDF2E8D408355657B5F6388CA505558855
ex6f1b_manifest_external_binding.json,SOURCE_OR_PARENT,226,79D6670DB15A1114ECC8CD0425AA6C76996A4E66F5F949446116ED927DB12FFE
gpt-oss-20b-Q4_K_M.gguf,SOURCE_OR_PARENT,11624759488,C27536640E410032865DC68781D80A08B98F8DB5E93575919AF8CCC0568AEB4F
ex6f1c_server_startup_process_binding_v6_64.py,SOURCE_OR_PARENT,7635,1C1229F57257476A65392FB341C5699EDCFD83D9C4C94D6E54EB452E2C4AADAB
ex6f1c_process_binding.json,DERIVED,2296,A55C3FE50C23A4084E4C480D45C11093D567A0DDE11AE2E0CBD35189840BD302
ex6f1c_redacted_startup_evidence.json,DERIVED,418,6D04D6CB0B377791007E367C142CCDD5A599C7F32047F967AAF1C60041621D4D
